1.
2.

a = 
[0 1 1 1]
[1 0 0 0]
[1 0 0 1]
[1 0 1 0]

b = 
[0 1 1 1]
[0 0 0 0]
[0 0 0 1]
[1 0 0 0]

c = 
[0 4 8 5]
[0 0 0 0]
[0 0 0 6]
[5 0 0 0]

3.
a. 0: 1, 2, 3, 4, 5, 7, 8
b. 1: None
c. 5: 1
d. 6: All Nodes

4.
a.
People (profiles)
b.
Friend Connections
c.
Non-directional
d.
Number of friends
e.
BFS

5.
adj =
[1 1 0 0 0]
[0 0 0 1 0]
[0 1 0 0 0]
[1 0 1 0 0]
[0 0 1 1 0]

tc = 
[1 1 1 1 0]
[1 1 1 1 0]
[1 1 1 1 0]
[1 1 1 1 0]
[1 1 1 1 0]

0 -> 1 -> 2 -> 3

adj = 
[0 1 0 0]
[0 0 1 0]
[0 0 0 1]
[0 0 0 0]

tc =
[0 1 1 1]
[0 0 1 0]
[0 0 0 1]
[0 0 0 0]

i = 2
s = 0
t = 3



i = 0
s = 2
t = 1

6.
MSTe = 
(v,w, weight)
[
    (4,6, 8),
    (4,5, 8),
    (2,5,10),
    (5,7,6),
]

MST = [

    (1,4,1)
]

7.
MSTv = ()
edges = []




8.


vSet = ()
dist = [0, 5, 4, 5, 7, 7, 10, 13]
preds = [-1,0,0,2,2,1,5,5]

